512 1024 0.026811
512 2048 0.058640
512 4096 0.138507
512 8192 0.362108
512 16384 1.079304
512 32768 3.502302
512 65536 12.481565
512 131072 46.892278
512 262144 185.571705
512 524288 809.183490
1024 1024 0.078841
1024 2048 0.162578
1024 4096 0.346769
1024 8192 0.778528
1024 16384 1.898148
1024 32768 5.165937
1024 65536 15.920375
1024 131072 53.581038
1024 262144 198.993764
1024 524288 825.222093
2048 1024 0.280159
2048 2048 0.569788
2048 4096 1.159995
2048 8192 2.407532
2048 16384 5.153327
2048 32768 11.689602
2048 65536 28.868009
2048 131072 79.335800
2048 262144 251.307636
2048 524288 929.156791
512 1024 0.026811
512 2048 0.058539
512 4096 0.138364
512 8192 0.361987
512 16384 1.066658
512 32768 3.503065
512 65536 12.502747
512 131072 46.935329
512 262144 186.099881
512 524288 793.932443
1024 1024 0.078833
1024 2048 0.162738
1024 4096 0.346314
1024 8192 0.777900
1024 16384 1.897843
1024 32768 5.167053
1024 65536 15.823709
1024 131072 53.565552
1024 262144 198.586508
1024 524288 820.352703
2048 1024 0.287772
2048 2048 0.569393
2048 4096 1.181588
2048 8192 2.427577
2048 16384 5.115344
2048 32768 11.683593
2048 65536 28.821353
2048 131072 79.576531
2048 262144 250.420944
2048 524288 936.625323
512 1024 0.026740
512 2048 0.058753
512 4096 0.138337
512 8192 0.362147
512 16384 1.069216
512 32768 3.502878
512 65536 12.482477
512 131072 46.939651
512 262144 186.207844
512 524288 789.192878
1024 1024 0.078869
1024 2048 0.162648
1024 4096 0.346597
1024 8192 0.777592
1024 16384 1.898206
1024 32768 5.166118
1024 65536 15.805934
1024 131072 53.558843
1024 262144 199.024846
1024 524288 824.957389
2048 1024 0.280111
2048 2048 0.569173
2048 4096 1.150423
2048 8192 2.428396
2048 16384 5.201313
2048 32768 11.668850
2048 65536 28.808463
2048 131072 79.286358
2048 262144 250.667649
2048 524288 922.471574
512 1024 0.026725
512 2048 0.058654
512 4096 0.138340
512 8192 0.361975
512 16384 1.066958
512 32768 3.503153
512 65536 12.485088
512 131072 46.921073
512 262144 185.167815
512 524288 790.071894
1024 1024 0.078763
1024 2048 0.162606
1024 4096 0.346250
1024 8192 0.778415
1024 16384 1.899426
1024 32768 5.165203
1024 65536 15.923540
1024 131072 53.591698
1024 262144 198.634769
1024 524288 843.002773
2048 1024 0.283089
2048 2048 0.569396
2048 4096 1.168473
2048 8192 2.385806
2048 16384 5.148718
2048 32768 11.768034
2048 65536 28.676362
2048 131072 79.268125
2048 262144 250.324956
2048 524288 936.088095
512 1024 0.026730
512 2048 0.058682
512 4096 0.138292
512 8192 0.362282
512 16384 1.077544
512 32768 3.503960
512 65536 12.481682
512 131072 46.930997
512 262144 186.256759
512 524288 796.737360
1024 1024 0.078823
1024 2048 0.162765
1024 4096 0.347899
1024 8192 0.791670
1024 16384 1.898559
1024 32768 5.166230
1024 65536 15.809105
1024 131072 53.583563
1024 262144 198.662345
1024 524288 824.399185
2048 1024 0.282476
2048 2048 0.570159
2048 4096 1.159463
2048 8192 2.428969
2048 16384 5.152800
2048 32768 11.667827
2048 65536 28.822992
2048 131072 79.608160
2048 262144 251.536188
2048 524288 956.969356
512 1024 0.026641
512 2048 0.058566
512 4096 0.138288
512 8192 0.362096
512 16384 1.066411
512 32768 3.502084
512 65536 12.486890
512 131072 46.931311
512 262144 185.523850
512 524288 818.277739
1024 1024 0.078857
1024 2048 0.162698
1024 4096 0.346292
1024 8192 0.777955
1024 16384 1.898151
1024 32768 5.165838
1024 65536 15.907636
1024 131072 53.582232
1024 262144 198.901322
1024 524288 818.109610
2048 1024 0.280065
2048 2048 0.564810
2048 4096 1.168641
2048 8192 2.403490
2048 16384 5.199432
2048 32768 11.670762
2048 65536 28.861923
2048 131072 79.994222
2048 262144 252.441964
2048 524288 957.676136
512 1024 0.027653
512 2048 0.058614
512 4096 0.138364
512 8192 0.366863
512 16384 1.077680
512 32768 3.502838
512 65536 12.485044
512 131072 46.888028
512 262144 185.685339
512 524288 828.789926
1024 1024 0.078810
1024 2048 0.162859
1024 4096 0.346340
1024 8192 0.777961
1024 16384 1.897618
1024 32768 5.165241
1024 65536 15.919629
1024 131072 53.565007
1024 262144 199.300737
1024 524288 851.962523
2048 1024 0.279983
2048 2048 0.570220
2048 4096 1.168334
2048 8192 2.386091
2048 16384 5.201620
2048 32768 11.666022
2048 65536 28.870544
2048 131072 79.297619
2048 262144 250.445475
2048 524288 955.340695
512 1024 0.026693
512 2048 0.058951
512 4096 0.138264
512 8192 0.362065
512 16384 1.070675
512 32768 3.502288
512 65536 12.482859
512 131072 46.918702
512 262144 186.967552
512 524288 797.115945
1024 1024 0.078961
1024 2048 0.162528
1024 4096 0.346827
1024 8192 0.777749
1024 16384 1.911369
1024 32768 5.166926
1024 65536 15.813495
1024 131072 53.620461
1024 262144 198.549433
1024 524288 853.514923
2048 1024 0.284580
2048 2048 0.569396
2048 4096 1.168472
2048 8192 2.410983
2048 16384 5.157645
2048 32768 11.681691
2048 65536 28.823684
2048 131072 79.288595
2048 262144 251.560104
2048 524288 927.170045
512 1024 0.026762
512 2048 0.058648
512 4096 0.138319
512 8192 0.362144
512 16384 1.066326
512 32768 3.502261
512 65536 12.484007
512 131072 46.907529
512 262144 186.725378
512 524288 828.732054
1024 1024 0.078835
1024 2048 0.162719
1024 4096 0.346095
1024 8192 0.798917
1024 16384 1.897882
1024 32768 5.169985
1024 65536 15.807352
1024 131072 53.797459
1024 262144 198.645462
1024 524288 851.045111
2048 1024 0.282536
2048 2048 0.579238
2048 4096 1.159473
2048 8192 2.403321
2048 16384 5.149169
2048 32768 11.599211
2048 65536 28.831217
2048 131072 79.988178
2048 262144 251.180962
2048 524288 923.255787
512 1024 0.026921
512 2048 0.058960
512 4096 0.141108
512 8192 0.361818
512 16384 1.066242
512 32768 3.524630
512 65536 12.482530
512 131072 46.904165
512 262144 186.084772
512 524288 830.376071
1024 1024 0.078894
1024 2048 0.162784
1024 4096 0.346667
1024 8192 0.781629
1024 16384 1.898191
1024 32768 5.164592
1024 65536 15.811661
1024 131072 53.630137
1024 262144 199.268462
1024 524288 838.633087
2048 1024 0.280332
2048 2048 0.569062
2048 4096 1.150614
2048 8192 2.406490
2048 16384 5.148747
2048 32768 11.594298
2048 65536 28.826924
2048 131072 79.584237
2048 262144 250.386516
2048 524288 943.309567
