512 1024 0.000050
512 2048 0.000043
512 4096 0.000049
512 8192 0.000046
512 16384 0.000045
512 32768 0.000044
512 65536 0.000044
512 131072 0.000042
512 262144 0.000052
512 524288 0.000052
1024 1024 0.000112
1024 2048 0.000099
1024 4096 0.000114
1024 8192 0.000099
1024 16384 0.000103
1024 32768 0.000112
1024 65536 0.000104
1024 131072 0.000102
1024 262144 0.000112
1024 524288 0.000111
2048 1024 0.000364
2048 2048 0.000369
2048 4096 0.000334
2048 8192 0.000360
2048 16384 0.000356
2048 32768 0.000357
2048 65536 0.000364
2048 131072 0.000361
2048 262144 0.000362
2048 524288 0.000366
512 1024 0.000053
512 2048 0.000043
512 4096 0.000043
512 8192 0.000052
512 16384 0.000053
512 32768 0.000048
512 65536 0.000044
512 131072 0.000046
512 262144 0.000045
512 524288 0.000048
1024 1024 0.000115
1024 2048 0.000099
1024 4096 0.000111
1024 8192 0.000110
1024 16384 0.000114
1024 32768 0.000111
1024 65536 0.000111
1024 131072 0.000109
1024 262144 0.000101
1024 524288 0.000112
2048 1024 0.000345
2048 2048 0.000355
2048 4096 0.000349
2048 8192 0.000355
2048 16384 0.000359
2048 32768 0.000356
2048 65536 0.000342
2048 131072 0.000321
2048 262144 0.000357
2048 524288 0.000362
512 1024 0.000051
512 2048 0.000052
512 4096 0.000049
512 8192 0.000051
512 16384 0.000049
512 32768 0.000047
512 65536 0.000050
512 131072 0.000055
512 262144 0.000061
512 524288 0.000048
1024 1024 0.000111
1024 2048 0.000114
1024 4096 0.000112
1024 8192 0.000100
1024 16384 0.000106
1024 32768 0.000112
1024 65536 0.000114
1024 131072 0.000120
1024 262144 0.000111
1024 524288 0.000112
2048 1024 0.000356
2048 2048 0.000350
2048 4096 0.000363
2048 8192 0.000345
2048 16384 0.000357
2048 32768 0.000365
2048 65536 0.000361
2048 131072 0.000355
2048 262144 0.000338
2048 524288 0.000350
512 1024 0.000052
512 2048 0.000043
512 4096 0.000046
512 8192 0.000050
512 16384 0.000048
512 32768 0.000045
512 65536 0.000048
512 131072 0.000056
512 262144 0.000043
512 524288 0.000048
1024 1024 0.000110
1024 2048 0.000114
1024 4096 0.000112
1024 8192 0.000103
1024 16384 0.000111
1024 32768 0.000123
1024 65536 0.000100
1024 131072 0.000113
1024 262144 0.000110
1024 524288 0.000112
2048 1024 0.000357
2048 2048 0.000358
2048 4096 0.000345
2048 8192 0.000364
2048 16384 0.000360
2048 32768 0.000372
2048 65536 0.000362
2048 131072 0.000360
2048 262144 0.000367
2048 524288 0.000366
512 1024 0.000047
512 2048 0.000048
512 4096 0.000052
512 8192 0.000051
512 16384 0.000049
512 32768 0.000053
512 65536 0.000044
512 131072 0.000054
512 262144 0.000044
512 524288 0.000048
1024 1024 0.000118
1024 2048 0.000114
1024 4096 0.000099
1024 8192 0.000098
1024 16384 0.000115
1024 32768 0.000117
1024 65536 0.000106
1024 131072 0.000119
1024 262144 0.000104
1024 524288 0.000114
2048 1024 0.000319
2048 2048 0.000334
2048 4096 0.000346
2048 8192 0.000345
2048 16384 0.000358
2048 32768 0.000356
2048 65536 0.000358
2048 131072 0.000369
2048 262144 0.000365
2048 524288 0.000324
512 1024 0.000049
512 2048 0.000052
512 4096 0.000050
512 8192 0.000052
512 16384 0.000048
512 32768 0.000048
512 65536 0.000058
512 131072 0.000052
512 262144 0.000044
512 524288 0.000045
1024 1024 0.000120
1024 2048 0.000112
1024 4096 0.000115
1024 8192 0.000103
1024 16384 0.000116
1024 32768 0.000120
1024 65536 0.000117
1024 131072 0.000126
1024 262144 0.000114
1024 524288 0.000121
2048 1024 0.000347
2048 2048 0.000355
2048 4096 0.000359
2048 8192 0.000354
2048 16384 0.000371
2048 32768 0.000370
2048 65536 0.000362
2048 131072 0.000355
2048 262144 0.000361
2048 524288 0.000354
512 1024 0.000050
512 2048 0.000047
512 4096 0.000051
512 8192 0.000052
512 16384 0.000047
512 32768 0.000047
512 65536 0.000051
512 131072 0.000046
512 262144 0.000051
512 524288 0.000043
1024 1024 0.000112
1024 2048 0.000101
1024 4096 0.000117
1024 8192 0.000111
1024 16384 0.000109
1024 32768 0.000113
1024 65536 0.000119
1024 131072 0.000117
1024 262144 0.000115
1024 524288 0.000101
2048 1024 0.000365
2048 2048 0.000364
2048 4096 0.000362
2048 8192 0.000352
2048 16384 0.000367
2048 32768 0.000366
2048 65536 0.000362
2048 131072 0.000361
2048 262144 0.000354
2048 524288 0.000359
512 1024 0.000048
512 2048 0.000045
512 4096 0.000052
512 8192 0.000048
512 16384 0.000048
512 32768 0.000048
512 65536 0.000045
512 131072 0.000054
512 262144 0.000043
512 524288 0.000051
1024 1024 0.000114
1024 2048 0.000112
1024 4096 0.000114
1024 8192 0.000099
1024 16384 0.000102
1024 32768 0.000111
1024 65536 0.000117
1024 131072 0.000120
1024 262144 0.000116
1024 524288 0.000113
2048 1024 0.000359
2048 2048 0.000355
2048 4096 0.000355
2048 8192 0.000359
2048 16384 0.000363
2048 32768 0.000361
2048 65536 0.000362
2048 131072 0.000364
2048 262144 0.000365
2048 524288 0.000360
512 1024 0.000048
512 2048 0.000050
512 4096 0.000048
512 8192 0.000051
512 16384 0.000045
512 32768 0.000053
512 65536 0.000045
512 131072 0.000048
512 262144 0.000045
512 524288 0.000050
1024 1024 0.000098
1024 2048 0.000112
1024 4096 0.000105
1024 8192 0.000110
1024 16384 0.000100
1024 32768 0.000114
1024 65536 0.000100
1024 131072 0.000101
1024 262144 0.000110
1024 524288 0.000114
2048 1024 0.000355
2048 2048 0.000352
2048 4096 0.000352
2048 8192 0.000356
2048 16384 0.000361
2048 32768 0.000366
2048 65536 0.000359
2048 131072 0.000368
2048 262144 0.000341
2048 524288 0.000357
512 1024 0.000054
512 2048 0.000047
512 4096 0.000045
512 8192 0.000045
512 16384 0.000047
512 32768 0.000052
512 65536 0.000056
512 131072 0.000044
512 262144 0.000051
512 524288 0.000043
1024 1024 0.000103
1024 2048 0.000103
1024 4096 0.000112
1024 8192 0.000110
1024 16384 0.000099
1024 32768 0.000118
1024 65536 0.000114
1024 131072 0.000100
1024 262144 0.000116
1024 524288 0.000122
2048 1024 0.000332
2048 2048 0.000363
2048 4096 0.000336
2048 8192 0.000359
2048 16384 0.000355
2048 32768 0.000360
2048 65536 0.000358
2048 131072 0.000322
2048 262144 0.000368
2048 524288 0.000362
