512 1024 0.026781
512 2048 0.058847
512 4096 0.138341
512 8192 0.362230
512 16384 1.067056
512 32768 3.521394
512 65536 12.482540
512 131072 46.950922
512 262144 187.282824
512 524288 830.023156
1024 1024 0.079092
1024 2048 0.162568
1024 4096 0.346006
1024 8192 0.778142
1024 16384 1.897885
1024 32768 5.165247
1024 65536 15.823814
1024 131072 53.586647
1024 262144 198.726405
1024 524288 819.727351
2048 1024 0.280108
2048 2048 0.564902
2048 4096 1.168900
2048 8192 2.386603
2048 16384 5.154931
2048 32768 11.593391
2048 65536 28.985966
2048 131072 79.623187
2048 262144 251.692676
2048 524288 955.956229
512 1024 0.026664
512 2048 0.058623
512 4096 0.138365
512 8192 0.362198
512 16384 1.067330
512 32768 3.502114
512 65536 12.486718
512 131072 46.913726
512 262144 185.738190
512 524288 794.652050
1024 1024 0.078768
1024 2048 0.162574
1024 4096 0.345927
1024 8192 0.790502
1024 16384 1.922888
1024 32768 5.167392
1024 65536 15.907100
1024 131072 53.756022
1024 262144 199.552638
1024 524288 819.652378
2048 1024 0.280005
2048 2048 0.564611
2048 4096 1.150496
2048 8192 2.386345
2048 16384 5.121962
2048 32768 11.674060
2048 65536 28.689558
2048 131072 79.270425
2048 262144 250.736773
2048 524288 940.251398
512 1024 0.026760
512 2048 0.058910
512 4096 0.138474
512 8192 0.362118
512 16384 1.066959
512 32768 3.503050
512 65536 12.484307
512 131072 46.917430
512 262144 185.465993
512 524288 822.935483
1024 1024 0.078802
1024 2048 0.162670
1024 4096 0.351396
1024 8192 0.778467
1024 16384 1.897708
1024 32768 5.165023
1024 65536 15.825609
1024 131072 53.567684
1024 262144 199.866404
1024 524288 817.432922
2048 1024 0.280082
2048 2048 0.564682
2048 4096 1.150407
2048 8192 2.404920
2048 16384 5.113649
2048 32768 11.675278
2048 65536 28.670111
2048 131072 79.305558
2048 262144 250.385072
2048 524288 948.538440
512 1024 0.026721
512 2048 0.058624
512 4096 0.138523
512 8192 0.362098
512 16384 1.066758
512 32768 3.505799
512 65536 12.484899
512 131072 46.906406
512 262144 185.695917
512 524288 793.472402
1024 1024 0.078813
1024 2048 0.162431
1024 4096 0.346044
1024 8192 0.790402
1024 16384 1.906874
1024 32768 5.168014
1024 65536 15.810563
1024 131072 53.575442
1024 262144 198.595107
1024 524288 824.048232
2048 1024 0.279968
2048 2048 0.565044
2048 4096 1.150908
2048 8192 2.386578
2048 16384 5.113663
2048 32768 11.595694
2048 65536 28.884185
2048 131072 79.610636
2048 262144 250.509066
2048 524288 923.023567
512 1024 0.026762
512 2048 0.058627
512 4096 0.138337
512 8192 0.362173
512 16384 1.071099
512 32768 3.502402
512 65536 12.483611
512 131072 46.942702
512 262144 185.778367
512 524288 797.333445
1024 1024 0.078864
1024 2048 0.162583
1024 4096 0.346107
1024 8192 0.778941
1024 16384 1.898251
1024 32768 5.166319
1024 65536 15.824383
1024 131072 53.571473
1024 262144 198.864518
1024 524288 824.360669
2048 1024 0.288564
2048 2048 0.564599
2048 4096 1.151081
2048 8192 2.386584
2048 16384 5.114572
2048 32768 11.597372
2048 65536 28.670222
2048 131072 79.306394
2048 262144 250.488421
2048 524288 935.573009
512 1024 0.026743
512 2048 0.058722
512 4096 0.138432
512 8192 0.362100
512 16384 1.066452
512 32768 3.521822
512 65536 12.483749
512 131072 46.903067
512 262144 186.380947
512 524288 789.514356
1024 1024 0.078773
1024 2048 0.162594
1024 4096 0.345903
1024 8192 0.778037
1024 16384 1.898531
1024 32768 5.167916
1024 65536 15.817850
1024 131072 53.602826
1024 262144 198.640665
1024 524288 848.766517
2048 1024 0.280035
2048 2048 0.564921
2048 4096 1.168974
2048 8192 2.386065
2048 16384 5.115081
2048 32768 11.613829
2048 65536 28.826520
2048 131072 79.291307
2048 262144 251.145334
2048 524288 959.610545
512 1024 0.026725
512 2048 0.058688
512 4096 0.138446
512 8192 0.362201
512 16384 1.066693
512 32768 3.503068
512 65536 12.480911
512 131072 46.916513
512 262144 185.314280
512 524288 825.838868
1024 1024 0.079120
1024 2048 0.162536
1024 4096 0.346726
1024 8192 0.778202
1024 16384 1.897953
1024 32768 5.216590
1024 65536 15.809105
1024 131072 53.543688
1024 262144 199.567223
1024 524288 838.599207
2048 1024 0.280518
2048 2048 0.569760
2048 4096 1.150182
2048 8192 2.386462
2048 16384 5.158081
2048 32768 11.598814
2048 65536 28.669577
2048 131072 79.627399
2048 262144 250.916779
2048 524288 948.515099
512 1024 0.026777
512 2048 0.058596
512 4096 0.138321
512 8192 0.366715
512 16384 1.066911
512 32768 3.502158
512 65536 12.483954
512 131072 46.934277
512 262144 185.648971
512 524288 824.543074
1024 1024 0.078991
1024 2048 0.163646
1024 4096 0.346193
1024 8192 0.778922
1024 16384 1.897864
1024 32768 5.215025
1024 65536 15.810735
1024 131072 53.574802
1024 262144 198.867900
1024 524288 847.500236
2048 1024 0.284738
2048 2048 0.564771
2048 4096 1.169360
2048 8192 2.391023
2048 16384 5.115591
2048 32768 11.593162
2048 65536 28.675795
2048 131072 79.283678
2048 262144 251.719417
2048 524288 954.164083
512 1024 0.026704
512 2048 0.058530
512 4096 0.138406
512 8192 0.361972
512 16384 1.066669
512 32768 3.522512
512 65536 12.522388
512 131072 46.943371
512 262144 185.576658
512 524288 796.041532
1024 1024 0.078723
1024 2048 0.162585
1024 4096 0.345997
1024 8192 0.778235
1024 16384 1.899292
1024 32768 5.213549
1024 65536 15.808069
1024 131072 53.570230
1024 262144 198.849585
1024 524288 850.033771
2048 1024 0.280060
2048 2048 0.565915
2048 4096 1.150417
2048 8192 2.385098
2048 16384 5.129501
2048 32768 11.604808
2048 65536 28.675755
2048 131072 79.622654
2048 262144 251.397517
2048 524288 951.551325
512 1024 0.027558
512 2048 0.058638
512 4096 0.141732
512 8192 0.361937
512 16384 1.066323
512 32768 3.502679
512 65536 12.483912
512 131072 46.922821
512 262144 185.591894
512 524288 800.937264
1024 1024 0.078786
1024 2048 0.162441
1024 4096 0.346362
1024 8192 0.777827
1024 16384 1.897658
1024 32768 5.168916
1024 65536 15.811643
1024 131072 53.631877
1024 262144 199.099698
1024 524288 841.039802
2048 1024 0.280093
2048 2048 0.564982
2048 4096 1.151298
2048 8192 2.385654
2048 16384 5.114071
2048 32768 11.606797
2048 65536 28.673653
2048 131072 79.291678
2048 262144 250.311042
2048 524288 931.424242
